water_pool: {f: 1.0, r1: 0.46019328117809477, r2: 10.31146085192626}
mt_pool: {f: 0.03173589887533764, r1: 1.0, r2: 29743.137859041264, k: 47.509796805814545,
  dw: -1.4051063441743452, lineshape: Lorentzian}
cest_pool:
  NOE_1: {f: 0.006758737353726293, r1: 1.0, r2: 2067.6871482094025, k: 60.56534933078507,
    dw: -3.500602142247198}
  amide: {f: 0.0010127363234461542, r1: 1.0, r2: 1480.6134350277102, k: 309.87108209888464,
    dw: 3.5465838778231356}
  guanidine_1: {f: 8.291914300018561E-4, r1: 1.0, r2: 771.6705867897798, k: 522.876223622858,
    dw: 2.049047545138245}
  NOE_2: {f: 0.009957735925297128, r1: 1.0, r2: 1443.4933834615288, k: 7.884235564005326,
    dw: -1.7}
b0: 9.4
gamma: 267.5154109126009
rel_b1: 1.0
verbose: 0.0
reset_init_mag: 1.0
scale: 1.0
max_pulse_samples: 300.0
