water_pool: {f: 1.0, r1: 0.6662225183211193, r2: 18.600821209383874}
mt_pool: {f: 0.0811794177752942, r1: 1.0, r2: 23800.384308399938, k: 96.35468934299622,
  dw: -2.1497712341659008, lineshape: Lorentzian}
cest_pool:
  NOE_1: {f: 0.019522312528316786, r1: 1.0, r2: 2211.6865703334342, k: 51.68512307308801,
    dw: -3.400164590832734}
  amide: {f: 0.0020602313939327025, r1: 1.0, r2: 1484.2334898750375, k: 144.93569119255955,
    dw: 3.4214729600436082}
  guanidine_1: {f: 0.0012207745743715746, r1: 1.0, r2: 728.5421993055096, k: 912.4691181803298,
    dw: 2.037426598541946}
  NOE_2: {f: 0.003621687347726708, r1: 1.0, r2: 673.7418863246021, k: 52.02011530912775,
    dw: -1.7}
b0: 3
gamma: 267.5153
b0_inhom: 0.0
rel_b1: 1.0
verbose: 0.0
reset_init_mag: 1.0
scale: 1.0
max_pulse_samples: 300.0
